,name,album,artists,distance,neighbors
0,All Souls' Rising,Everything Is Good Here / Please Come Home,['Angels Of Light'],0.000244140625,6512
1,Kosinski,Everything Is Good Here / Please Come Home,['Angels Of Light'],2.2219327878881407,6513
2,Palisades,Everything Is Good Here / Please Come Home,['Angels Of Light'],2.372914050745227,6511
3,Nations,Everything Is Good Here / Please Come Home,['Angels Of Light'],2.9206091897962265,6514
4,Bring It Back/Heavy Heart,Heavy Heart,['Lvcky'],3.282928446229602,6510
5,Play It Right,Heavy Heart,['Lvcky'],4.495974249954402,6509
6,The Family God,Everything Is Good Here / Please Come Home,['Angels Of Light'],4.601594921574257,6515
7,My Apologies,Heavy Heart,"['Lvcky', 'Zaire']",5.891622577758114,6508
8,Rose Of Los Angeles,Everything Is Good Here / Please Come Home,['Angels Of Light'],7.102520324145224,6517
9,MK,Heavy Heart,['Lvcky'],7.30455555618173,6507
10,Because She Was,Everything Is Good Here / Please Come Home,['Angels Of Light'],7.573683345496337,6516
11,What You Were,Everything Is Good Here / Please Come Home,['Angels Of Light'],8.75232827766547,6518
12,Drinks,Heavy Heart,['Lvcky'],8.7732996679266,6506
13,Sunset Park,Everything Is Good Here / Please Come Home,['Angels Of Light'],9.999077381845792,6519
14,Lets Chill,Heavy Heart,"['Lvcky', 'King Cole']",10.102847244038701,6505
15,Wedding,Everything Is Good Here / Please Come Home,['Angels Of Light'],11.375914092853916,6520
16,Rude Gyal,Heavy Heart,['Lvcky'],11.453538769433552,6504
17,Need You,Heavy Heart,['Lvcky'],12.81350151369503,6503
18,What Will Come,Everything Is Good Here / Please Come Home,['Angels Of Light'],12.835595112423237,6521
19,Crazy,Heavy Heart,['Lvcky'],14.204129685537666,6502
20,History,Backstreet Dreams,['Blue System'],14.220642669700121,6522
21,Operator,Backstreet Dreams,['Blue System'],15.62276187936752,6523
22,24/7,Heavy Heart,"['Lvcky', 'Zaire']",15.669471525995267,6501
23,Backstreet Heaven,Backstreet Dreams,['Blue System'],17.067602998802133,6524
24,All in It,Heavy Heart,['Lvcky'],17.09092089675348,6500
25,You Are An Angel,Backstreet Dreams,['Blue System'],18.41028568336448,6525
26,Intro,Heavy Heart,['Lvcky'],18.535038191778128,6499
27,I'm So Excited,Backstreet Dreams,['Blue System'],19.869501691646338,6526
28,Sunset in Central Park,The Manhattan Blues Project,['Steve Hunter'],19.949012874424604,6498
29,Dirty Money,Backstreet Dreams,['Blue System'],21.26887673771247,6527
30,Twilight in Harlem,The Manhattan Blues Project,['Steve Hunter'],21.3069305627489,6497
